StateID,Time(s),Position(m),Speed(m/s),Acceleration(m/s^2),constrainedPosition(m),desiredPosition(m),expectedDeisiredPosition(m),deviatedDesiredDisplacement(m)
0,0.0,-3.33,0.00,0.00,0.00,0.00,0.00,0.00
1,1.2,-3.33,0.00,0.00,-3.33,-1.98,-1.98,0.00
2,2.4,-3.33,0.00,0.00,-3.33,-1.98,-1.98,0.00
3,3.6,-3.33,0.00,0.00,-3.33,-1.98,-1.98,0.00
4,4.8,-3.33,0.00,0.00,-3.33,-1.98,-1.98,0.00
5,6.0,-3.33,0.00,0.00,-3.33,-1.98,-1.98,0.00
6,7.2,-3.33,0.00,0.00,-3.33,-1.98,-1.98,0.00
7,8.4,-3.33,0.00,0.00,-3.33,-1.98,-1.98,0.00
8,9.6,-3.33,0.00,0.00,-3.33,-1.98,-1.98,0.00
9,10.8,-3.33,0.00,0.00,-3.33,-1.98,-1.98,0.00
10,12.0,-3.33,0.00,1.13,-3.33,-1.98,-1.98,0.00
11,13.2,-1.98,1.13,1.08,-1.98,-1.98,-1.98,0.00
12,14.4,0.66,2.21,1.04,0.66,0.66,0.66,0.00
13,15.6,4.56,3.24,0.99,4.56,4.56,4.56,0.00
14,16.8,9.64,4.24,0.95,9.64,9.64,9.64,0.00
15,18.0,15.87,5.19,0.92,15.87,15.87,15.87,0.00
16,19.2,23.20,6.11,0.88,23.20,23.20,23.20,0.00
17,20.4,31.58,6.98,0.84,31.58,31.58,31.58,0.00
18,21.6,40.97,7.83,0.81,40.97,40.97,40.97,0.00
19,22.8,51.33,8.64,0.78,51.33,51.33,51.33,0.00
20,24.0,62.63,9.41,0.74,62.63,62.63,62.63,0.00
21,25.2,74.81,10.16,0.71,74.81,74.81,74.81,0.00
22,26.4,87.86,10.87,0.69,87.86,87.86,87.86,0.00
23,27.6,101.72,11.56,0.66,101.72,101.72,101.72,0.00
24,28.8,116.38,12.21,0.63,116.38,116.38,116.38,0.00
25,30.0,131.79,12.84,0.61,131.79,131.79,131.79,0.00
26,31.2,147.93,13.45,0.58,147.93,147.93,147.93,0.00
27,32.4,164.76,14.03,0.56,164.76,164.76,164.76,0.00
28,33.6,182.27,14.59,0.53,182.27,182.27,182.27,0.00
29,34.8,200.41,15.12,0.51,200.41,200.41,200.41,0.00
30,36.0,219.17,15.63,0.49,219.17,219.17,219.17,0.00
31,37.2,238.52,16.13,0.47,238.52,238.52,238.52,0.00
32,38.4,258.44,16.60,0.45,258.44,258.44,258.44,0.00
33,39.6,278.90,17.05,0.43,278.90,278.90,278.90,0.00
34,40.8,299.89,17.49,0.42,299.89,299.89,299.89,0.00
35,42.0,321.37,17.90,0.40,321.37,321.37,321.37,0.00
36,43.2,343.33,18.30,0.38,343.33,343.33,343.33,0.00
37,44.4,365.76,18.69,0.37,365.76,365.76,365.76,0.00
38,45.6,388.62,19.06,0.35,388.62,388.62,388.62,0.00
39,46.8,411.91,19.41,0.34,411.91,411.91,411.91,0.00
40,48.0,435.61,19.75,0.33,435.61,435.61,435.61,0.00
41,49.2,459.70,20.07,0.31,459.70,459.70,459.70,0.00
42,50.4,484.16,20.39,0.30,484.16,484.16,484.16,0.00
43,51.6,508.98,20.68,0.29,508.98,508.98,508.98,0.00
44,52.8,534.15,20.97,0.28,534.15,534.15,534.15,0.00
45,54.0,559.65,21.25,0.26,559.65,559.65,559.65,0.00
46,55.2,585.46,21.51,0.25,585.46,585.46,585.46,0.00
47,56.4,611.58,21.77,0.24,611.58,611.58,611.58,0.00
48,57.6,637.99,22.01,0.23,637.99,637.99,637.99,0.00
49,58.8,664.68,22.24,0.22,664.68,664.68,664.68,0.00
50,60.0,691.65,22.47,0.22,691.65,691.65,691.65,0.00
51,61.2,718.86,22.68,0.21,718.86,718.86,718.87,0.00
52,62.4,746.33,22.89,0.20,746.33,746.33,746.33,0.00
53,63.6,774.04,23.09,0.19,774.04,774.04,774.04,0.00
54,64.8,801.97,23.28,0.18,801.97,801.97,801.97,0.00
55,66.0,830.12,23.46,0.17,830.12,830.12,830.12,0.00
56,67.2,858.48,23.63,0.17,858.48,858.48,858.48,0.00
57,68.4,887.04,23.80,0.16,887.04,887.04,887.04,0.00
58,69.6,915.80,23.96,0.15,915.80,915.80,915.80,0.00
59,70.8,944.74,24.12,0.15,944.74,944.74,944.74,0.00
60,72.0,973.86,24.27,0.14,973.86,973.86,973.86,0.00
61,73.2,1003.15,24.41,0.14,1003.15,1003.15,1003.15,0.00
62,74.4,1032.60,24.54,0.13,1032.60,1032.60,1032.60,0.00
63,75.6,1062.21,24.68,0.13,1062.21,1062.21,1062.21,0.00
64,76.8,1091.98,24.80,0.12,1091.98,1091.98,1091.98,0.00
65,78.0,1121.88,24.92,0.12,1121.88,1121.88,1121.88,0.00
66,79.2,1151.93,25.04,0.11,1151.93,1151.93,1151.93,0.00
67,80.4,1182.10,25.15,0.11,1182.10,1182.10,1182.10,0.00
68,81.6,1212.41,25.25,0.10,1212.41,1212.41,1212.41,0.00
69,82.8,1242.84,25.36,0.10,1242.84,1242.84,1242.84,0.00
70,84.0,1273.38,25.45,0.09,1273.38,1273.38,1273.38,0.00
71,85.2,1304.04,25.55,0.09,1304.04,1304.04,1304.04,0.00
72,86.4,1334.81,25.64,0.09,1334.81,1334.81,1334.81,0.00
73,87.6,1365.68,25.73,0.08,1365.68,1365.68,1365.68,0.00
74,88.8,1396.65,25.81,0.08,1396.65,1396.65,1396.65,0.00
75,90.0,1427.72,25.89,0.08,1427.72,1427.72,1427.72,0.00
76,91.2,1458.88,25.96,0.07,1458.88,1458.88,1458.88,0.00
77,92.4,1490.12,26.04,0.07,1490.12,1490.12,1490.12,0.00
78,93.6,1521.45,26.11,0.07,1521.45,1521.45,1521.45,0.00
79,94.8,1552.86,26.18,0.06,1552.86,1552.86,1552.86,0.00
80,96.0,1584.35,26.24,0.06,1584.35,1584.35,1584.35,0.00
81,97.2,1615.92,26.30,0.06,1615.92,1615.92,1615.92,0.00
82,98.4,1647.55,26.36,0.06,1647.55,1647.55,1647.55,0.00
83,99.6,1679.25,26.42,0.05,1679.25,1679.25,1679.25,0.00
84,100.8,1711.02,26.47,0.05,1711.02,1711.02,1711.02,0.00
85,102.0,1742.86,26.53,0.05,1742.86,1742.86,1742.86,0.00
86,103.2,1774.75,26.58,0.05,1774.75,1774.75,1774.75,0.00
87,104.4,1806.70,26.63,0.05,1806.70,1806.70,1806.70,0.00
88,105.6,1838.71,26.67,0.04,1838.71,1838.71,1838.71,0.00
89,106.8,1870.77,26.72,0.04,1870.77,1870.77,1870.77,0.00
90,108.0,1902.89,26.76,0.04,1902.89,1902.89,1902.89,0.00
91,109.2,1935.05,26.80,0.04,1935.05,1935.05,1935.05,0.00
92,110.4,1967.26,26.84,0.04,1967.26,1967.26,1967.26,0.00
93,111.6,1999.51,26.88,0.04,1999.51,1999.51,1999.51,0.00
94,112.8,2031.81,26.92,0.00,4000.00,2031.81,2031.81,0.00
