StateID,Time(s),Position(m),Speed(m/s),Acceleration(m/s^2),constrainedPosition(m),desiredPosition(m),expectedDeisiredPosition(m),deviatedDesiredDisplacement(m)
0,0.0,-12.67,0.00,0.00,0.00,0.00,0.00,0.00
1,1.2,-12.67,0.00,0.00,-12.67,-11.32,-11.32,0.00
2,2.4,-12.67,0.00,0.00,-12.67,-11.32,-11.32,0.00
3,3.6,-12.67,0.00,0.00,-12.67,-11.32,-11.32,0.00
4,4.8,-12.67,0.00,0.00,-12.67,-11.32,-11.32,0.00
5,6.0,-12.67,0.00,0.00,-12.67,-11.32,-11.32,0.00
6,7.2,-12.67,0.00,0.00,-12.67,-11.32,-11.32,0.00
7,8.4,-12.67,0.00,0.00,-12.67,-11.32,-11.32,0.00
8,9.6,-12.67,0.00,0.00,-12.67,-11.32,-11.32,0.00
9,10.8,-12.67,0.00,0.00,-12.67,-11.32,-11.32,0.00
10,12.0,-12.67,0.00,0.00,-12.67,-11.32,-11.32,0.00
11,13.2,-12.67,0.00,0.00,-12.67,-11.32,-11.32,0.00
12,14.4,-12.67,0.00,0.00,-12.67,-11.32,-11.32,0.00
13,15.6,-12.67,0.00,0.00,-12.67,-11.32,-11.32,0.00
14,16.8,-12.67,0.00,0.00,-12.67,-11.32,-11.32,0.00
15,18.0,-12.67,0.00,0.00,-12.67,-11.32,-11.32,0.00
16,19.2,-12.67,0.00,0.00,-12.67,-11.32,-11.32,0.00
17,20.4,-12.67,0.00,0.00,-12.67,-11.32,-11.32,0.00
18,21.6,-12.67,0.00,0.00,-12.67,-11.32,-11.32,0.00
19,22.8,-12.67,0.00,0.00,-12.67,-11.32,-11.32,0.00
20,24.0,-12.67,0.00,0.00,-12.67,-11.32,-11.32,0.00
21,25.2,-12.67,0.00,0.00,-12.67,-11.32,-11.32,0.00
22,26.4,-12.67,0.00,0.00,-12.67,-11.32,-11.32,0.00
23,27.6,-12.67,0.00,0.00,-12.67,-11.32,-11.32,0.00
24,28.8,-12.67,0.00,0.00,-12.67,-11.32,-11.32,0.00
25,30.0,-12.67,0.00,0.00,-12.67,-11.32,-11.32,0.00
26,31.2,-12.67,0.00,0.00,-12.67,-11.32,-11.32,0.00
27,32.4,-12.67,0.00,0.00,-12.67,-11.32,-11.32,0.00
28,33.6,-12.67,0.00,0.00,-12.67,-11.32,-11.32,0.00
29,34.8,-12.67,0.00,0.00,-12.67,-11.32,-11.32,0.00
30,36.0,-12.67,0.00,0.00,-12.67,-11.32,-11.32,0.00
31,37.2,-12.67,0.00,0.00,-12.67,-11.32,-11.32,0.00
32,38.4,-12.67,0.00,0.00,-12.67,-11.32,-11.32,0.00
33,39.6,-12.67,0.00,0.00,-12.67,-11.32,-11.32,0.00
34,40.8,-12.67,0.00,0.00,-12.67,-11.32,-11.32,0.00
35,42.0,-12.67,0.00,0.00,-12.67,-11.32,-11.32,0.00
36,43.2,-12.67,0.00,0.00,-12.67,-11.32,-11.32,0.00
37,44.4,-12.67,0.00,0.00,-12.67,-11.32,-11.32,0.00
38,45.6,-12.67,0.00,1.13,-12.67,-11.32,-11.32,0.00
39,46.8,-11.32,1.13,1.08,-11.32,-11.32,-11.32,0.00
40,48.0,-8.67,2.21,1.04,-8.67,-8.67,-8.67,0.00
41,49.2,-4.78,3.24,0.99,-4.78,-4.78,-4.78,0.00
42,50.4,0.31,4.24,0.95,0.31,0.31,0.31,0.00
43,51.6,6.54,5.19,0.92,6.54,6.54,6.54,0.00
44,52.8,13.86,6.11,0.88,13.86,13.86,13.86,0.00
45,54.0,22.24,6.98,0.84,22.24,22.24,22.24,0.00
46,55.2,31.64,7.83,0.81,31.64,31.64,31.64,0.00
47,56.4,42.00,8.64,0.78,42.00,42.00,42.00,0.00
48,57.6,53.29,9.41,0.74,53.29,53.29,53.29,0.00
49,58.8,65.48,10.16,0.71,65.48,65.48,65.48,0.00
50,60.0,78.52,10.87,0.69,78.52,78.52,78.52,0.00
51,61.2,92.39,11.56,0.66,92.39,92.39,92.39,0.00
52,62.4,107.04,12.21,0.63,107.04,107.04,107.04,0.00
53,63.6,122.46,12.84,0.61,122.46,122.46,122.46,0.00
54,64.8,138.60,13.45,0.58,138.60,138.60,138.60,0.00
55,66.0,155.43,14.03,0.56,155.43,155.43,155.43,0.00
56,67.2,172.93,14.59,0.53,172.93,172.93,172.93,0.00
57,68.4,191.08,15.12,0.51,191.08,191.08,191.08,0.00
58,69.6,209.84,15.63,0.49,209.84,209.84,209.84,0.00
59,70.8,229.19,16.13,0.47,229.19,229.19,229.19,0.00
60,72.0,249.11,16.60,0.45,249.11,249.11,249.11,0.00
61,73.2,269.57,17.05,0.43,269.57,269.57,269.57,0.00
62,74.4,290.55,17.49,0.42,290.55,290.55,290.55,0.00
63,75.6,312.04,17.90,0.40,312.04,312.04,312.04,0.00
64,76.8,334.00,18.30,0.38,334.00,334.00,334.00,0.00
65,78.0,356.42,18.69,0.37,356.42,356.42,356.42,0.00
66,79.2,379.29,19.06,0.35,379.29,379.29,379.29,0.00
67,80.4,402.58,19.41,0.34,402.58,402.58,402.58,0.00
68,81.6,426.28,19.75,0.33,426.28,426.28,426.28,0.00
69,82.8,450.36,20.07,0.31,450.36,450.36,450.36,0.00
70,84.0,474.83,20.39,0.30,474.83,474.83,474.83,0.00
71,85.2,499.65,20.68,0.29,499.65,499.65,499.65,0.00
72,86.4,524.82,20.97,0.28,524.82,524.82,524.82,0.00
73,87.6,550.31,21.25,0.26,550.31,550.31,550.31,0.00
74,88.8,576.13,21.51,0.25,576.13,576.13,576.13,0.00
75,90.0,602.25,21.77,0.24,602.25,602.25,602.25,0.00
76,91.2,628.66,22.01,0.23,628.66,628.66,628.66,0.00
77,92.4,655.35,22.24,0.22,655.35,655.35,655.35,0.00
78,93.6,682.31,22.47,0.22,682.31,682.31,682.31,0.00
79,94.8,709.53,22.68,0.21,709.53,709.53,709.53,0.00
80,96.0,737.00,22.89,0.20,737.00,737.00,737.00,0.00
81,97.2,764.70,23.09,0.19,764.70,764.70,764.70,0.00
82,98.4,792.64,23.28,0.18,792.64,792.64,792.64,0.00
83,99.6,820.79,23.46,0.17,820.79,820.79,820.79,0.00
84,100.8,849.15,23.63,0.17,849.15,849.15,849.15,0.00
85,102.0,877.71,23.80,0.16,877.71,877.71,877.71,0.00
86,103.2,906.47,23.96,0.15,906.47,906.47,906.47,0.00
87,104.4,935.41,24.12,0.15,935.41,935.41,935.41,0.00
88,105.6,964.53,24.27,0.14,964.53,964.53,964.53,0.00
89,106.8,993.82,24.41,0.14,993.82,993.82,993.82,0.00
90,108.0,1023.27,24.54,0.13,1023.27,1023.27,1023.27,0.00
91,109.2,1052.88,24.68,0.13,1052.88,1052.88,1052.88,0.00
92,110.4,1082.64,24.80,0.12,1082.64,1082.64,1082.64,0.00
93,111.6,1112.55,24.92,0.12,1112.55,1112.55,1112.55,0.00
94,112.8,1142.59,25.04,0.11,1142.59,1142.59,1142.59,0.00
95,114.0,1172.77,25.15,0.11,1172.77,1172.77,1172.77,0.00
96,115.2,1203.08,25.25,0.10,1203.08,1203.08,1203.08,0.00
97,116.4,1233.51,25.36,0.10,1233.51,1233.51,1233.51,0.00
98,117.6,1264.05,25.45,0.09,1264.05,1264.05,1264.05,0.00
99,118.8,1294.71,25.55,0.09,1294.71,1294.71,1294.71,0.00
100,120.0,1325.48,25.64,0.09,1325.48,1325.48,1325.48,0.00
101,121.2,1356.35,25.73,0.08,1356.35,1356.35,1356.35,0.00
102,122.4,1387.32,25.81,0.08,1387.32,1387.32,1387.32,0.00
103,123.6,1418.38,25.89,0.08,1418.38,1418.38,1418.38,0.00
104,124.8,1449.54,25.96,0.07,1449.54,1449.54,1449.54,0.00
105,126.0,1480.79,26.04,0.07,1480.79,1480.79,1480.79,0.00
106,127.2,1512.12,26.11,0.07,1512.12,1512.12,1512.12,0.00
107,128.4,1543.53,26.18,0.06,1543.53,1543.53,1543.53,0.00
108,129.6,1575.02,26.24,0.06,1575.02,1575.02,1575.02,0.00
109,130.8,1606.58,26.30,0.06,1606.58,1606.58,1606.58,0.00
110,132.0,1638.22,26.36,0.06,1638.22,1638.22,1638.22,0.00
111,133.2,1669.92,26.42,0.05,1669.92,1669.92,1669.92,0.00
112,134.4,1701.69,26.47,0.05,1701.69,1701.69,1701.69,0.00
113,135.6,1733.52,26.53,0.05,1733.52,1733.52,1733.52,0.00
114,136.8,1765.42,26.58,0.05,1765.42,1765.42,1765.42,0.00
115,138.0,1797.37,26.63,0.05,1797.37,1797.37,1797.37,0.00
116,139.2,1829.38,26.67,0.04,1829.38,1829.38,1829.38,0.00
117,140.4,1861.44,26.72,0.04,1861.44,1861.44,1861.44,0.00
118,141.6,1893.55,26.76,0.04,1893.55,1893.55,1893.55,0.00
119,142.8,1925.71,26.80,0.04,1925.71,1925.71,1925.71,0.00
120,144.0,1957.92,26.84,0.04,1957.92,1957.92,1957.92,0.00
121,145.2,1990.18,26.88,0.04,1990.18,1990.18,1990.18,0.00
122,146.4,2022.48,26.92,0.00,2022.48,2022.48,2022.48,0.00
