StateID,Time(s),Position(m),Speed(m/s),Acceleration(m/s^2),constrainedPosition(m),desiredPosition(m),expectedDeisiredPosition(m),deviatedDesiredDisplacement(m)
0,0.0,-6.00,0.00,0.00,0.00,0.00,0.00,0.00
1,1.2,-6.00,0.00,0.00,-6.00,-4.65,-4.65,0.00
2,2.4,-6.00,0.00,0.00,-6.00,-4.65,-4.65,0.00
3,3.6,-6.00,0.00,0.00,-6.00,-4.65,-4.65,0.00
4,4.8,-6.00,0.00,0.00,-6.00,-4.65,-4.65,0.00
5,6.0,-6.00,0.00,0.00,-6.00,-4.65,-4.65,0.00
6,7.2,-6.00,0.00,0.00,-6.00,-4.65,-4.65,0.00
7,8.4,-6.00,0.00,0.00,-6.00,-4.65,-4.65,0.00
8,9.6,-6.00,0.00,0.00,-6.00,-4.65,-4.65,0.00
9,10.8,-6.00,0.00,0.00,-6.00,-4.65,-4.65,0.00
10,12.0,-6.00,0.00,0.00,-6.00,-4.65,-4.65,0.00
11,13.2,-6.00,0.00,0.00,-6.00,-4.65,-4.65,0.00
12,14.4,-6.00,0.00,0.00,-6.00,-4.65,-4.65,0.00
13,15.6,-6.00,0.00,0.00,-6.00,-4.65,-4.65,0.00
14,16.8,-6.00,0.00,0.00,-6.00,-4.65,-4.65,0.00
15,18.0,-6.00,0.00,0.00,-6.00,-4.65,-4.65,0.00
16,19.2,-6.00,0.00,0.00,-6.00,-4.65,-4.65,0.00
17,20.4,-6.00,0.00,0.00,-6.00,-4.65,-4.65,0.00
18,21.6,-6.00,0.00,1.13,-6.00,-4.65,-4.65,0.00
19,22.8,-4.65,1.13,1.08,-4.65,-4.65,-4.65,0.00
20,24.0,-2.00,2.21,1.04,-2.00,-2.00,-2.00,0.00
21,25.2,1.89,3.24,0.99,1.89,1.89,1.89,0.00
22,26.4,6.97,4.24,0.95,6.97,6.97,6.97,0.00
23,27.6,13.20,5.19,0.92,13.20,13.20,13.20,0.00
24,28.8,20.53,6.11,0.88,20.53,20.53,20.53,0.00
25,30.0,28.91,6.98,0.84,28.91,28.91,28.91,0.00
26,31.2,38.30,7.83,0.81,38.30,38.30,38.30,0.00
27,32.4,48.67,8.64,0.78,48.67,48.67,48.67,0.00
28,33.6,59.96,9.41,0.74,59.96,59.96,59.96,0.00
29,34.8,72.15,10.16,0.71,72.15,72.15,72.15,0.00
30,36.0,85.19,10.87,0.69,85.19,85.19,85.19,0.00
31,37.2,99.06,11.56,0.66,99.06,99.06,99.06,0.00
32,38.4,113.71,12.21,0.63,113.71,113.71,113.71,0.00
33,39.6,129.12,12.84,0.61,129.12,129.12,129.12,0.00
34,40.8,145.26,13.45,0.58,145.26,145.26,145.26,0.00
35,42.0,162.10,14.03,0.56,162.10,162.10,162.10,0.00
36,43.2,179.60,14.59,0.53,179.60,179.60,179.60,0.00
37,44.4,197.75,15.12,0.51,197.75,197.75,197.75,0.00
38,45.6,216.51,15.63,0.49,216.51,216.51,216.51,0.00
39,46.8,235.86,16.13,0.47,235.86,235.86,235.86,0.00
40,48.0,255.77,16.60,0.45,255.77,255.77,255.77,0.00
41,49.2,276.24,17.05,0.43,276.24,276.24,276.24,0.00
42,50.4,297.22,17.49,0.42,297.22,297.22,297.22,0.00
43,51.6,318.70,17.90,0.40,318.70,318.70,318.70,0.00
44,52.8,340.67,18.30,0.38,340.67,340.67,340.67,0.00
45,54.0,363.09,18.69,0.37,363.09,363.09,363.09,0.00
46,55.2,385.96,19.06,0.35,385.96,385.96,385.96,0.00
47,56.4,409.25,19.41,0.34,409.25,409.25,409.25,0.00
48,57.6,432.94,19.75,0.33,432.94,432.94,432.94,0.00
49,58.8,457.03,20.07,0.31,457.03,457.03,457.03,0.00
50,60.0,481.49,20.39,0.30,481.49,481.49,481.49,0.00
51,61.2,506.32,20.68,0.29,506.32,506.32,506.32,0.00
52,62.4,531.48,20.97,0.28,531.48,531.48,531.48,0.00
53,63.6,556.98,21.25,0.26,556.98,556.98,556.98,0.00
54,64.8,582.79,21.51,0.25,582.79,582.79,582.79,0.00
55,66.0,608.91,21.77,0.24,608.91,608.91,608.91,0.00
56,67.2,635.33,22.01,0.23,635.33,635.33,635.33,0.00
57,68.4,662.02,22.24,0.22,662.02,662.02,662.02,0.00
58,69.6,688.98,22.47,0.22,688.98,688.98,688.98,0.00
59,70.8,716.20,22.68,0.21,716.20,716.20,716.20,0.00
60,72.0,743.67,22.89,0.20,743.67,743.67,743.67,0.00
61,73.2,771.37,23.09,0.19,771.37,771.37,771.37,0.00
62,74.4,799.30,23.28,0.18,799.30,799.30,799.30,0.00
63,75.6,827.45,23.46,0.17,827.45,827.45,827.45,0.00
64,76.8,855.82,23.63,0.17,855.82,855.82,855.82,0.00
65,78.0,884.38,23.80,0.16,884.38,884.38,884.38,0.00
66,79.2,913.13,23.96,0.15,913.13,913.13,913.13,0.00
67,80.4,942.07,24.12,0.15,942.07,942.07,942.07,0.00
68,81.6,971.19,24.27,0.14,971.19,971.19,971.19,0.00
69,82.8,1000.48,24.41,0.14,1000.48,1000.48,1000.48,0.00
70,84.0,1029.94,24.54,0.13,1029.94,1029.94,1029.94,0.00
71,85.2,1059.55,24.68,0.13,1059.55,1059.55,1059.55,0.00
72,86.4,1089.31,24.80,0.12,1089.31,1089.31,1089.31,0.00
73,87.6,1119.22,24.92,0.12,1119.22,1119.22,1119.22,0.00
74,88.8,1149.26,25.04,0.11,1149.26,1149.26,1149.26,0.00
75,90.0,1179.44,25.15,0.11,1179.44,1179.44,1179.44,0.00
76,91.2,1209.74,25.25,0.10,1209.74,1209.74,1209.74,0.00
77,92.4,1240.17,25.36,0.10,1240.17,1240.17,1240.17,0.00
78,93.6,1270.72,25.45,0.09,1270.72,1270.72,1270.72,0.00
79,94.8,1301.38,25.55,0.09,1301.38,1301.38,1301.38,0.00
80,96.0,1332.14,25.64,0.09,1332.14,1332.14,1332.14,0.00
81,97.2,1363.01,25.73,0.08,1363.01,1363.01,1363.01,0.00
82,98.4,1393.98,25.81,0.08,1393.98,1393.98,1393.98,0.00
83,99.6,1425.05,25.89,0.08,1425.05,1425.05,1425.05,0.00
84,100.8,1456.21,25.96,0.07,1456.21,1456.21,1456.21,0.00
85,102.0,1487.45,26.04,0.07,1487.45,1487.45,1487.45,0.00
86,103.2,1518.78,26.11,0.07,1518.78,1518.78,1518.78,0.00
87,104.4,1550.20,26.18,0.06,1550.20,1550.20,1550.20,0.00
88,105.6,1581.69,26.24,0.06,1581.69,1581.69,1581.69,0.00
89,106.8,1613.25,26.30,0.06,1613.25,1613.25,1613.25,0.00
90,108.0,1644.88,26.36,0.06,1644.88,1644.88,1644.88,0.00
91,109.2,1676.59,26.42,0.05,1676.59,1676.59,1676.59,0.00
92,110.4,1708.36,26.47,0.05,1708.36,1708.36,1708.36,0.00
93,111.6,1740.19,26.53,0.05,1740.19,1740.19,1740.19,0.00
94,112.8,1772.08,26.58,0.05,1772.08,1772.08,1772.08,0.00
95,114.0,1804.04,26.63,0.05,1804.04,1804.04,1804.04,0.00
96,115.2,1836.04,26.67,0.04,1836.04,1836.04,1836.04,0.00
97,116.4,1868.11,26.72,0.04,1868.11,1868.11,1868.11,0.00
98,117.6,1900.22,26.76,0.04,1900.22,1900.22,1900.22,0.00
99,118.8,1932.38,26.80,0.04,1932.38,1932.38,1932.38,0.00
100,120.0,1964.59,26.84,0.04,1964.59,1964.59,1964.59,0.00
101,121.2,1996.85,26.88,0.04,1996.85,1996.85,1996.85,0.00
102,122.4,2029.14,26.92,0.00,2029.14,2029.14,2029.14,0.00
