StateID,Time(s),Position(m),Speed(m/s),Acceleration(m/s^2),constrainedPosition(m),desiredPosition(m),expectedDeisiredPosition(m),deviatedDesiredDisplacement(m)
0,0.0,-6.67,0.00,0.00,0.00,0.00,0.00,0.00
1,1.2,-6.67,0.00,0.00,-6.67,-5.32,-5.32,0.00
2,2.4,-6.67,0.00,0.00,-6.67,-5.32,-5.32,0.00
3,3.6,-6.67,0.00,0.00,-6.67,-5.32,-5.32,0.00
4,4.8,-6.67,0.00,0.00,-6.67,-5.32,-5.32,0.00
5,6.0,-6.67,0.00,0.00,-6.67,-5.32,-5.32,0.00
6,7.2,-6.67,0.00,0.00,-6.67,-5.32,-5.32,0.00
7,8.4,-6.67,0.00,0.00,-6.67,-5.32,-5.32,0.00
8,9.6,-6.67,0.00,0.00,-6.67,-5.32,-5.32,0.00
9,10.8,-6.67,0.00,0.00,-6.67,-5.32,-5.32,0.00
10,12.0,-6.67,0.00,0.00,-6.67,-5.32,-5.32,0.00
11,13.2,-6.67,0.00,0.00,-6.67,-5.32,-5.32,0.00
12,14.4,-6.67,0.00,0.00,-6.67,-5.32,-5.32,0.00
13,15.6,-6.67,0.00,0.00,-6.67,-5.32,-5.32,0.00
14,16.8,-6.67,0.00,0.00,-6.67,-5.32,-5.32,0.00
15,18.0,-6.67,0.00,0.00,-6.67,-5.32,-5.32,0.00
16,19.2,-6.67,0.00,0.00,-6.67,-5.32,-5.32,0.00
17,20.4,-6.67,0.00,0.00,-6.67,-5.32,-5.32,0.00
18,21.6,-6.67,0.00,0.00,-6.67,-5.32,-5.32,0.00
19,22.8,-6.67,0.00,0.00,-6.67,-5.32,-5.32,0.00
20,24.0,-6.67,0.00,1.13,-6.67,-5.32,-5.32,0.00
21,25.2,-5.32,1.13,1.08,-5.32,-5.32,-5.32,0.00
22,26.4,-2.67,2.21,1.04,-2.67,-2.67,-2.67,0.00
23,27.6,1.22,3.24,0.99,1.22,1.22,1.22,0.00
24,28.8,6.31,4.24,0.95,6.31,6.31,6.31,0.00
25,30.0,12.54,5.19,0.92,12.54,12.54,12.54,0.00
26,31.2,19.86,6.11,0.88,19.86,19.86,19.86,0.00
27,32.4,28.24,6.98,0.84,28.24,28.24,28.24,0.00
28,33.6,37.64,7.83,0.81,37.64,37.64,37.64,0.00
29,34.8,48.00,8.64,0.78,48.00,48.00,48.00,0.00
30,36.0,59.29,9.41,0.74,59.29,59.29,59.29,0.00
31,37.2,71.48,10.16,0.71,71.48,71.48,71.48,0.00
32,38.4,84.52,10.87,0.69,84.52,84.52,84.52,0.00
33,39.6,98.39,11.56,0.66,98.39,98.39,98.39,0.00
34,40.8,113.04,12.21,0.63,113.04,113.04,113.04,0.00
35,42.0,128.46,12.84,0.61,128.46,128.46,128.46,0.00
36,43.2,144.60,13.45,0.58,144.60,144.60,144.60,0.00
37,44.4,161.43,14.03,0.56,161.43,161.43,161.43,0.00
38,45.6,178.93,14.59,0.53,178.93,178.93,178.93,0.00
39,46.8,197.08,15.12,0.51,197.08,197.08,197.08,0.00
40,48.0,215.84,15.63,0.49,215.84,215.84,215.84,0.00
41,49.2,235.19,16.13,0.47,235.19,235.19,235.19,0.00
42,50.4,255.11,16.60,0.45,255.11,255.11,255.11,0.00
43,51.6,275.57,17.05,0.43,275.57,275.57,275.57,0.00
44,52.8,296.55,17.49,0.42,296.55,296.55,296.55,0.00
45,54.0,318.04,17.90,0.40,318.04,318.04,318.04,0.00
46,55.2,340.00,18.30,0.38,340.00,340.00,340.00,0.00
47,56.4,362.42,18.69,0.37,362.42,362.42,362.42,0.00
48,57.6,385.29,19.06,0.35,385.29,385.29,385.29,0.00
49,58.8,408.58,19.41,0.34,408.58,408.58,408.58,0.00
50,60.0,432.28,19.75,0.33,432.28,432.28,432.28,0.00
51,61.2,456.36,20.07,0.31,456.36,456.36,456.36,0.00
52,62.4,480.83,20.39,0.30,480.83,480.83,480.83,0.00
53,63.6,505.65,20.68,0.29,505.65,505.65,505.65,0.00
54,64.8,530.82,20.97,0.28,530.82,530.82,530.82,0.00
55,66.0,556.31,21.25,0.26,556.31,556.31,556.31,0.00
56,67.2,582.13,21.51,0.25,582.13,582.13,582.13,0.00
57,68.4,608.25,21.77,0.24,608.25,608.25,608.25,0.00
58,69.6,634.66,22.01,0.23,634.66,634.66,634.66,0.00
59,70.8,661.35,22.24,0.22,661.35,661.35,661.35,0.00
60,72.0,688.31,22.47,0.22,688.31,688.31,688.31,0.00
61,73.2,715.53,22.68,0.21,715.53,715.53,715.53,0.00
62,74.4,743.00,22.89,0.20,743.00,743.00,743.00,0.00
63,75.6,770.70,23.09,0.19,770.70,770.70,770.70,0.00
64,76.8,798.64,23.28,0.18,798.64,798.64,798.64,0.00
65,78.0,826.79,23.46,0.17,826.79,826.79,826.79,0.00
66,79.2,855.15,23.63,0.17,855.15,855.15,855.15,0.00
67,80.4,883.71,23.80,0.16,883.71,883.71,883.71,0.00
68,81.6,912.47,23.96,0.15,912.47,912.47,912.47,0.00
69,82.8,941.41,24.12,0.15,941.41,941.41,941.41,0.00
70,84.0,970.53,24.27,0.14,970.53,970.53,970.53,0.00
71,85.2,999.82,24.41,0.14,999.82,999.82,999.82,0.00
72,86.4,1029.27,24.54,0.13,1029.27,1029.27,1029.27,0.00
73,87.6,1058.88,24.68,0.13,1058.88,1058.88,1058.88,0.00
74,88.8,1088.64,24.80,0.12,1088.64,1088.64,1088.64,0.00
75,90.0,1118.55,24.92,0.12,1118.55,1118.55,1118.55,0.00
76,91.2,1148.59,25.04,0.11,1148.59,1148.59,1148.59,0.00
77,92.4,1178.77,25.15,0.11,1178.77,1178.77,1178.77,0.00
78,93.6,1209.08,25.25,0.10,1209.08,1209.08,1209.08,0.00
79,94.8,1239.51,25.36,0.10,1239.51,1239.51,1239.51,0.00
80,96.0,1270.05,25.45,0.09,1270.05,1270.05,1270.05,0.00
81,97.2,1300.71,25.55,0.09,1300.71,1300.71,1300.71,0.00
82,98.4,1331.48,25.64,0.09,1331.48,1331.48,1331.48,0.00
83,99.6,1362.35,25.73,0.08,1362.35,1362.35,1362.35,0.00
84,100.8,1393.32,25.81,0.08,1393.32,1393.32,1393.32,0.00
85,102.0,1424.38,25.89,0.08,1424.38,1424.38,1424.38,0.00
86,103.2,1455.54,25.96,0.07,1455.54,1455.54,1455.54,0.00
87,104.4,1486.79,26.04,0.07,1486.79,1486.79,1486.79,0.00
88,105.6,1518.12,26.11,0.07,1518.12,1518.12,1518.12,0.00
89,106.8,1549.53,26.18,0.06,1549.53,1549.53,1549.53,0.00
90,108.0,1581.02,26.24,0.06,1581.02,1581.02,1581.02,0.00
91,109.2,1612.58,26.30,0.06,1612.58,1612.58,1612.58,0.00
92,110.4,1644.22,26.36,0.06,1644.22,1644.22,1644.22,0.00
93,111.6,1675.92,26.42,0.05,1675.92,1675.92,1675.92,0.00
94,112.8,1707.69,26.47,0.05,1707.69,1707.69,1707.69,0.00
95,114.0,1739.52,26.53,0.05,1739.52,1739.52,1739.52,0.00
96,115.2,1771.42,26.58,0.05,1771.42,1771.42,1771.42,0.00
97,116.4,1803.37,26.63,0.05,1803.37,1803.37,1803.37,0.00
98,117.6,1835.38,26.67,0.04,1835.38,1835.38,1835.38,0.00
99,118.8,1867.44,26.72,0.04,1867.44,1867.44,1867.44,0.00
100,120.0,1899.55,26.76,0.04,1899.55,1899.55,1899.55,0.00
101,121.2,1931.71,26.80,0.04,1931.71,1931.71,1931.71,0.00
102,122.4,1963.92,26.84,0.04,1963.92,1963.92,1963.92,0.00
103,123.6,1996.18,26.88,0.04,1996.18,1996.18,1996.18,0.00
104,124.8,2028.48,26.92,0.00,2028.48,2028.48,2028.48,0.00
