StateID,Time(s),Position(m),Speed(m/s),Acceleration(m/s^2),constrainedPosition(m),desiredPosition(m),expectedDeisiredPosition(m),deviatedDesiredDisplacement(m)
0,0.0,-1.33,0.00,0.00,0.00,0.00,0.00,0.00
1,1.2,-1.33,0.00,0.00,-1.33,0.02,0.02,0.00
2,2.4,-1.33,0.00,0.00,-1.33,0.02,0.02,0.00
3,3.6,-1.33,0.00,0.00,-1.33,0.02,0.02,0.00
4,4.8,-1.33,0.00,1.13,-1.33,0.02,0.02,0.00
5,6.0,0.02,1.13,1.08,0.02,0.02,0.02,0.00
6,7.2,2.66,2.21,1.04,2.66,2.66,2.66,0.00
7,8.4,6.56,3.24,0.99,6.56,6.56,6.56,0.00
8,9.6,11.64,4.24,0.95,11.64,11.64,11.64,0.00
9,10.8,17.87,5.19,0.92,17.87,17.87,17.87,0.00
10,12.0,25.20,6.11,0.88,25.20,25.20,25.20,0.00
11,13.2,33.58,6.98,0.84,33.58,33.58,33.58,0.00
12,14.4,42.97,7.83,0.81,42.97,42.97,42.97,0.00
13,15.6,53.33,8.64,0.78,53.33,53.33,53.33,0.00
14,16.8,64.63,9.41,0.74,64.63,64.63,64.63,0.00
15,18.0,76.81,10.16,0.71,76.81,76.81,76.81,0.00
16,19.2,89.86,10.87,0.69,89.86,89.86,89.86,0.00
17,20.4,103.72,11.56,0.66,103.72,103.72,103.72,0.00
18,21.6,118.38,12.21,0.63,118.38,118.38,118.38,0.00
19,22.8,133.79,12.84,0.61,133.79,133.79,133.79,0.00
20,24.0,149.93,13.45,0.58,149.93,149.93,149.93,0.00
21,25.2,166.76,14.03,0.56,166.76,166.76,166.76,0.00
22,26.4,184.27,14.59,0.53,184.27,184.27,184.27,0.00
23,27.6,202.41,15.12,0.51,202.41,202.41,202.41,0.00
24,28.8,221.17,15.63,0.49,221.17,221.17,221.17,0.00
25,30.0,240.52,16.13,0.47,240.52,240.52,240.52,0.00
26,31.2,260.44,16.60,0.45,260.44,260.44,260.44,0.00
27,32.4,280.90,17.05,0.43,280.90,280.90,280.90,0.00
28,33.6,301.89,17.49,0.42,301.89,301.89,301.89,0.00
29,34.8,323.37,17.90,0.40,323.37,323.37,323.37,0.00
30,36.0,345.33,18.30,0.38,345.33,345.33,345.33,0.00
31,37.2,367.76,18.69,0.37,367.76,367.76,367.76,0.00
32,38.4,390.62,19.06,0.35,390.62,390.62,390.62,0.00
33,39.6,413.91,19.41,0.34,413.91,413.91,413.91,0.00
34,40.8,437.61,19.75,0.33,437.61,437.61,437.61,0.00
35,42.0,461.70,20.07,0.31,461.70,461.70,461.70,0.00
36,43.2,486.16,20.39,0.30,486.16,486.16,486.16,0.00
37,44.4,510.98,20.68,0.29,510.98,510.98,510.98,0.00
38,45.6,536.15,20.97,0.28,536.15,536.15,536.15,0.00
39,46.8,561.65,21.25,0.26,561.65,561.65,561.65,0.00
40,48.0,587.46,21.51,0.25,587.46,587.46,587.46,0.00
41,49.2,613.58,21.77,0.24,613.58,613.58,613.58,0.00
42,50.4,639.99,22.01,0.23,639.99,639.99,639.99,0.00
43,51.6,666.68,22.24,0.22,666.68,666.68,666.68,0.00
44,52.8,693.65,22.47,0.22,693.65,693.65,693.65,0.00
45,54.0,720.86,22.68,0.21,720.86,720.86,720.87,0.00
46,55.2,748.33,22.89,0.20,748.33,748.33,748.33,0.00
47,56.4,776.04,23.09,0.19,776.04,776.04,776.04,0.00
48,57.6,803.97,23.28,0.18,803.97,803.97,803.97,0.00
49,58.8,832.12,23.46,0.17,832.12,832.12,832.12,0.00
50,60.0,860.48,23.63,0.17,860.48,860.48,860.48,0.00
51,61.2,889.04,23.80,0.16,889.04,889.04,889.04,0.00
52,62.4,917.80,23.96,0.15,917.80,917.80,917.80,0.00
53,63.6,946.74,24.12,0.15,946.74,946.74,946.74,0.00
54,64.8,975.86,24.27,0.14,975.86,975.86,975.86,0.00
55,66.0,1005.15,24.41,0.14,1005.15,1005.15,1005.15,0.00
56,67.2,1034.60,24.54,0.13,1034.60,1034.60,1034.60,0.00
57,68.4,1064.21,24.68,0.13,1064.21,1064.21,1064.21,0.00
58,69.6,1093.98,24.80,0.12,1093.98,1093.98,1093.98,0.00
59,70.8,1123.88,24.92,0.12,1123.88,1123.88,1123.88,0.00
60,72.0,1153.93,25.04,0.11,1153.93,1153.93,1153.93,0.00
61,73.2,1184.10,25.15,0.11,1184.10,1184.10,1184.10,0.00
62,74.4,1214.41,25.25,0.10,1214.41,1214.41,1214.41,0.00
63,75.6,1244.84,25.36,0.10,1244.84,1244.84,1244.84,0.00
64,76.8,1275.38,25.45,0.09,1275.38,1275.38,1275.38,0.00
65,78.0,1306.04,25.55,0.09,1306.04,1306.04,1306.04,0.00
66,79.2,1336.81,25.64,0.09,1336.81,1336.81,1336.81,0.00
67,80.4,1367.68,25.73,0.08,1367.68,1367.68,1367.68,0.00
68,81.6,1398.65,25.81,0.08,1398.65,1398.65,1398.65,0.00
69,82.8,1429.72,25.89,0.08,1429.72,1429.72,1429.72,0.00
70,84.0,1460.88,25.96,0.07,1460.88,1460.88,1460.88,0.00
71,85.2,1492.12,26.04,0.07,1492.12,1492.12,1492.12,0.00
72,86.4,1523.45,26.11,0.07,1523.45,1523.45,1523.45,0.00
73,87.6,1554.86,26.18,0.06,1554.86,1554.86,1554.86,0.00
74,88.8,1586.35,26.24,0.06,1586.35,1586.35,1586.35,0.00
75,90.0,1617.92,26.30,0.06,1617.92,1617.92,1617.92,0.00
76,91.2,1649.55,26.36,0.06,1649.55,1649.55,1649.55,0.00
77,92.4,1681.25,26.42,0.05,1681.25,1681.25,1681.25,0.00
78,93.6,1713.02,26.47,0.05,1713.02,1713.02,1713.02,0.00
79,94.8,1744.86,26.53,0.05,1744.86,1744.86,1744.86,0.00
80,96.0,1776.75,26.58,0.05,1776.75,1776.75,1776.75,0.00
81,97.2,1808.70,26.63,0.05,1808.70,1808.70,1808.70,0.00
82,98.4,1840.71,26.67,0.04,1840.71,1840.71,1840.71,0.00
83,99.6,1872.77,26.72,0.04,1872.77,1872.77,1872.77,0.00
84,100.8,1904.89,26.76,0.04,1904.89,1904.89,1904.89,0.00
85,102.0,1937.05,26.80,0.04,1937.05,1937.05,1937.05,0.00
86,103.2,1969.26,26.84,0.04,1969.26,1969.26,1969.26,0.00
87,104.4,2001.51,26.88,0.00,2001.51,2001.51,2001.51,0.00
